image: ./map_lidar_cleaned_race.pgm
resolution: 0.050000
origin: [-7.38000, -10.23000, 0.0013400]
negate: 0
occupied_thresh: 0.65
free_thresh: 0.196

